Mean: 0.5041883117519319
Std: 0.40624124921553484
