Mean: 0.7746343137696385
Std: 0.2559083478174592
