Mean: 0.785369873046875
Std: 0.1917646686954691
