Mean: 0.6747393757104874
Std: 0.21259803873556554
