Mean: 0.7703857421875
Std: 0.16248576578740362
