Mean: 0.6835633646696806
Std: 0.3053233703216483
