Mean: 0.8227157592773438
Std: 0.16753497345501106
