Mean: 0.6599094176457988
Std: 0.3367023336665086
