Mean: 0.8281898498535156
Std: 0.16250382968046062
