Mean: 0.7090969085693359
Std: 0.21969851718013106
