Mean: 0.8180999755859375
Std: 0.1761687980254158
