Mean: 0.7397041320800781
Std: 0.1416766990384272
