Mean: 0.5188455004245043
Std: 0.3989251201640351
