Mean: 0.7868994157761335
Std: 0.23696273182926397
