Mean: 0.8776779174804688
Std: 0.12345646978598236
