Mean: 0.8204879760742188
Std: 0.1712099749017275
