Mean: 0.7928815569196429
Std: 0.14563167657120568
