Mean: 0.7753432989120483
Std: 0.21478241078480997
