Mean: 0.7065620422363281
Std: 0.17545145571132845
