Mean: 0.886688232421875
Std: 0.12689782552155277
