Mean: 0.6233046092092991
Std: 0.3448677771257172
