Mean: 0.8020106554031372
Std: 0.19572652010836733
