Mean: 0.5132088905666023
Std: 0.3126493328677677
