Mean: 0.5815689442679286
Std: 0.2931377900320137
