Mean: 0.6356985997408628
Std: 0.31980891080382384
