Mean: 0.6623542308807373
Std: 0.18135304930787435
