Mean: 0.80908203125
Std: 0.1334432801430201
