Mean: 0.6681939363479614
Std: 0.23723392373887797
