Mean: 0.808807373046875
Std: 0.1584670343983213
