Mean: 0.5619464963674545
Std: 0.3115674199963675
