Mean: 0.706844799220562
Std: 0.23618562964566384
