Mean: 0.83259317278862
Std: 0.20219366261831687
