Mean: 0.7044897079467773
Std: 0.1752426172994293
