Mean: 0.6635041918073382
Std: 0.21729619691723315
