Mean: 0.8175720638699002
Std: 0.1881393252451406
