Mean: 0.710357666015625
Std: 0.18389102708478006
before reward down to 0