Mean: 0.8289260864257812
Std: 0.15247505269223205
