Mean: 0.662193987518549
Std: 0.2685572281207215
