Mean: 0.7369968361324735
Std: 0.2644127337946695
