Mean: 0.8090782165527344
Std: 0.1787051215147189
