Mean: 0.6671393513679504
Std: 0.2615126413055256
