Mean: 0.789031982421875
Std: 0.15477735517801347
