Mean: 0.6371698048379686
Std: 0.34764196507566586
