Mean: 0.6877041548723355
Std: 0.270440313520631
