Mean: 0.8920059204101562
Std: 0.10763923345432348
