Mean: 0.8170666396617889
Std: 0.20918235856487444
