Mean: 0.8272705078125
Std: 0.1629483219118848
