Mean: 0.7087383270263672
Std: 0.23119268028369916
