Mean: 0.8051795959472656
Std: 0.1819256422574364
