Mean: 0.7412240164620536
Std: 0.19552594603214646
