Mean: 0.7341117858886719
Std: 0.14038057280594146
