Mean: 0.6877702644893101
Std: 0.21124914696742503
