Mean: 0.561518635135144
Std: 0.3446238713523833
