Mean: 0.8278961181640625
Std: 0.17207853162860862
